tumbling:0.11846592
baddy:0.07814414
service:0.026723739
deception:-0.05582788
backcourt:-0.002856101
singles:0.19685826
racquet:0.29473817
yonex:0.43044594
feathers:0.019067341
hidayat:0.27544844
baseline:0.025566919
serve:-0.083027646
string:0.119006105
shot:0.006838681
uber:0.093888536
saina:0.30694982
court:0.12765242
rally:0.123745136
net:-0.012201225
thomas:-0.00870727
spin:0.02688545
feather:0.01594696
fault:-0.07236554
doubles:0.35751352
grip:0.045150265
carry:-0.07621276
shuttlecock:0.29804805
referee:0.13073432
let:-0.059742954
alley:0.014077935
smash:0.06772436
dribble:0.0736896
short:0.031942125
ace:0.033359885
drive:-0.07863111
drop:-0.052152473
flick:0.043711785
stroke:0.11534908
lets:-0.06749242
