gun:0.32040867
doom:0.17419875
multiplayer:0.32447922
precise:0.03848541
bots:0.15291151
weapons:0.121190764
military:0.031455982
first:0.039626878
computer:0.12998538
playstation:0.24313864
twitch:0.25010017
deathmatch:0.2861651
team:0.22738695
halo:0.23560897
looking:0.089224696
mission:0.045122482
unreal:0.18761064
player:0.40058747
terrorist:0.1189089
display:0.024546195
power:-0.0031713196
tournament:0.1114913
levels:0.04090483
rifle:0.3301832
xbox:0.24154036
fps:0.26344433
mode:0.22149937
gameplay:0.35397896
point:0.09888924
features:0.019282198
games:0.279846
map:0.08929643
quake:0.14910884
engine:0.21298617
bomb:0.13801165
movement:0.078370295
space:0.073731184
players:0.24199408
person:0.2897636
reaction:0.120832324
strike:0.13423541
chief:-0.030145708
enemies:0.13081066
