tumbling:0.10403513
baddy:0.012422875
service:0.034408342
deception:-0.08307408
backcourt:0.010855127
singles:0.19273469
racquet:0.312798
yonex:0.39430353
feathers:0.020090384
hidayat:0.23160389
baseline:0.026181497
serve:-0.066223465
string:0.119989716
shot:-0.0013425321
uber:0.08753447
saina:0.30175048
court:0.116206095
rally:0.10867504
net:-0.0096967565
thomas:-0.031859882
spin:0.031742986
feather:0.020089611
fault:-0.10794701
doubles:0.34533376
grip:0.04518864
carry:-0.06931912
shuttlecock:0.26661775
referee:0.117299
let:-0.07126233
alley:0.035415802
smash:0.044142846
dribble:0.071393535
short:0.043370884
ace:0.038973313
drive:-0.073311284
drop:-0.051246583
flick:0.03257964
stroke:0.09894998
lets:-0.05416953
