enemies:0.11215297
gun:0.26746213
games:0.25782204
weapons:0.14361039
deathmatch:0.28243732
fps:0.28068534
mission:0.021719724
reaction:0.096788146
gameplay:0.3644425
point:0.04195017
xbox:0.22086778
players:0.20542325
levels:0.031469304
chief:-0.00967568
puzzle:0.31103706
multiplayer:0.33463794
space:0.031543113
terrorist:0.043951865
playstation:0.21449877
military:0.03329834
player:0.33943006
halo:0.20075838
tournament:0.067880146
rifle:0.30907527
precise:0.028815826
strike:0.11120791
fighting:0.16858423
bots:0.15536785
engine:0.19488399
bomb:0.11107446
frag:0.19276212
doom:0.1662279
movement:0.10073723
computer:0.09033098
power:-0.035759892
twitch:0.23177648
display:0.004526963
gib:0.0133930715
looking:0.064619
first:-0.019822916
fortnite:0.17951259
map:0.08285416
unreal:0.24145596
features:0.038046084
respawn:0.21634477
person:0.29065177
team:0.18813838
quake:0.17670614
mode:0.21528038
rpg:0.42521793
third:0.058965318
