baddy:0.059488382
stroke:0.08136381
string:0.116442166
referee:0.07758787
singles:0.20074938
serve:-0.07769986
rally:0.08353528
flick:0.032614544
backcourt:0.0014051928
drop:-0.054913413
uber:0.12716174
alley:0.02099404
carry:-0.08461151
saina:0.27556488
feathers:0.0039372314
lets:-0.04091068
thomas:0.008678353
service:0.019100342
baseline:-0.006086589
smash:0.039872844
drive:-0.10498651
tumbling:0.114041716
ace:0.023318883
short:-0.0005552931
shuttlecock:0.2806343
dribble:0.06994686
grip:0.049858224
let:-0.059310567
feather:-0.0066772494
fault:-0.082529455
shot:0.00052874914
court:0.11130795
hidayat:0.25315708
net:-0.011623875
deception:-0.07302613
yonex:0.44633475
racquet:0.2914312
spin:0.034381174
doubles:0.33881685
