enemies:0.106942095
gun:0.28189424
games:0.24309167
weapons:0.11883438
deathmatch:0.24656844
fps:0.22460958
mission:0.006289288
reaction:0.08056439
gameplay:0.33206916
point:0.05735868
xbox:0.21182638
players:0.21944164
levels:0.005839778
chief:-0.025516804
puzzle:0.2978685
multiplayer:0.2869645
space:0.0617689
terrorist:0.09862484
playstation:0.19479147
military:0.010199854
player:0.34810063
halo:0.15892085
tournament:0.089002684
rifle:0.3107149
precise:0.028942585
strike:0.0792996
fighting:0.18689714
bots:0.1387489
engine:0.16636379
bomb:0.10073989
frag:0.18415804
doom:0.14282122
movement:0.09672304
computer:0.09868122
power:-0.023234839
twitch:0.19881853
display:-0.0040222937
gib:0.083041
looking:0.08439481
first:0.0043771714
fortnite:0.16004184
map:0.06861848
unreal:0.17993483
features:-0.0030110648
respawn:0.19943433
person:0.2798964
team:0.16206916
quake:0.10952418
mode:0.21158631
rpg:0.39724788
third:0.027918823
