
ace:0.04576814
alley:0.091465004
backcourt:-0.036904518
baddy:-0.11502901
baseline:0.021230381
carry:-0.034352113
court:0.10975559
deception:-0.07064683
doubles:0.21610293
dribble:0.10726248
drive:-0.062123682
drop:0.0018889304
fault:-0.07240304
feather:-0.0062775933
feathers:0.019826353
flick:0.03362298
grip:0.048669517
hidayat:0.16732359
let:-0.012532907
lets:-0.037192196
net:0.01007546
racquet:0.3300288
rally:0.04947713
referee:0.04528519
saina:0.18035279
serve:-0.030357612
service:0.0052643428
short:-0.0068068984
shot:0.0044623967
shuttlecock:0.32977843
singles:0.17855747
smash:0.02727242
spin:-0.005320019
string:0.072226815
stroke:0.041828252
thomas:0.009139922
tumbling:0.15976012
uber:-0.029774768
yonex:0.37802294