baddy:-0.11502901
stroke:0.041828252
string:0.072226815
referee:0.04528519
singles:0.17855747
serve:-0.030357612
rally:0.04947713
flick:0.03362298
backcourt:-0.036904518
drop:0.0018889304
uber:-0.029774768
alley:0.091465004
carry:-0.034352113
saina:0.18035279
feathers:0.019826353
lets:-0.037192196
thomas:0.009139922
service:0.0052643428
baseline:0.021230381
smash:0.02727242
drive:-0.062123682
tumbling:0.15976012
ace:0.04576814
short:-0.0068068984
shuttlecock:0.32977843
dribble:0.10726248
grip:0.048669517
let:-0.012532907
feather:-0.0062775933
fault:-0.07240304
shot:0.0044623967
court:0.10975559
hidayat:0.16732359
net:0.01007546
deception:-0.07064683
yonex:0.37802294
racquet:0.3300288
spin:-0.005320019
doubles:0.21610293
