players:0.22025421
features:0.026742814
chief:-0.022352947
puzzle:0.325098
point:0.065392494
multiplayer:0.34844437
fps:0.29173395
rpg:0.4368735
person:0.29630917
xbox:0.2412235
computer:0.12670554
quake:0.18731457
tournament:0.09720415
games:0.2871837
rifle:0.3354131
enemies:0.11868153
reaction:0.11144193
first:-0.022362143
engine:0.2029887
gib:0.01548212
deathmatch:0.28447217
display:0.0012579026
mission:0.016293276
terrorist:0.07725432
military:0.04325355
frag:0.20577256
fighting:0.1853355
space:0.05453926
precise:0.030659338
bots:0.16712877
mode:0.22709161
fortnite:0.18503802
gun:0.27039123
map:0.09481263
unreal:0.23535559
twitch:0.2387353
movement:0.08276339
gameplay:0.371109
power:-0.0034377968
player:0.36909416
strike:0.13706893
team:0.21296082
third:0.07339074
respawn:0.22601125
bomb:0.10479154
playstation:0.25044155
doom:0.17761186
halo:0.22857007
looking:0.077597275
weapons:0.15036005
levels:0.03570543
