short:0.009494374
shuttlecock:0.312224
stroke:0.093849465
alley:0.029833863
drive:-0.09598715
tumbling:0.11339169
baddy:0.055207193
flick:0.02283491
doubles:0.33822867
shot:0.012983648
referee:0.092597574
let:-0.0666883
rally:0.10855747
serve:-0.07231062
yonex:0.44135225
lets:-0.0562231
net:-0.012392983
service:0.02876381
fault:-0.053988148
carry:-0.07685091
grip:0.055979043
ace:0.021084988
dribble:0.08250356
hidayat:0.25005543
spin:0.03672074
court:0.11690883
smash:0.046525996
feather:-0.0015057029
thomas:-0.010154914
singles:0.18840027
string:0.10490409
backcourt:-0.0135753965
racquet:0.29735166
saina:0.28213677
deception:-0.06561258
baseline:-0.0064180894
drop:-0.063758954
feathers:0.011020331
uber:0.11377549
