players:0.22870527
features:0.004445992
chief:-0.03009864
puzzle:0.30302975
point:0.08596243
multiplayer:0.28238085
fps:0.230105
rpg:0.39685607
person:0.30016896
xbox:0.1971805
computer:0.11070199
quake:0.11084205
tournament:0.08888495
games:0.26765847
rifle:0.3309369
enemies:0.11828906
reaction:0.08199304
first:0.0083993105
engine:0.19975168
gib:0.09056112
deathmatch:0.24326028
display:0.0018259466
mission:0.014894855
terrorist:0.09639935
military:0.02566287
frag:0.17235613
fighting:0.18281351
space:0.079163335
precise:0.03289645
bots:0.1456805
mode:0.20378222
fortnite:0.1629883
gun:0.30280763
map:0.07535322
unreal:0.1781015
twitch:0.20422916
movement:0.09365179
gameplay:0.33158907
power:-0.02472535
player:0.3913563
strike:0.10530919
team:0.21478598
third:0.07686267
respawn:0.21385589
bomb:0.12122341
playstation:0.20800939
doom:0.14691763
halo:0.17510165
looking:0.08069362
weapons:0.11445369
levels:0.008499344
