short:0.006809121
shuttlecock:0.35618067
stroke:0.043440055
alley:0.08635906
drive:-0.051460326
tumbling:0.17293344
baddy:-0.118521534
flick:0.027772117
doubles:0.23411842
shot:0.019569213
referee:0.062207524
let:0.007912969
rally:0.057590816
serve:-0.035832938
yonex:0.3765524
lets:-0.035058685
net:0.033232827
service:0.014828824
fault:-0.07833748
carry:-0.03573894
grip:0.061767936
ace:0.03676552
dribble:0.11507942
hidayat:0.15909056
spin:0.006523178
court:0.11538331
smash:0.03794982
feather:0.010124363
thomas:-0.0057460233
singles:0.17055725
string:0.07123998
backcourt:-0.041875497
racquet:0.3284668
saina:0.19359083
deception:-0.08707153
baseline:0.03029112
drop:0.004227824
feathers:0.039869647
uber:-0.011344597
