
ace:0.03676552
alley:0.08635906
backcourt:-0.041875497
baddy:-0.118521534
baseline:0.03029112
carry:-0.03573894
court:0.11538331
deception:-0.08707153
doubles:0.23411842
dribble:0.11507942
drive:-0.051460326
drop:0.004227824
fault:-0.07833748
feather:0.010124363
feathers:0.039869647
flick:0.027772117
grip:0.061767936
hidayat:0.15909056
let:0.007912969
lets:-0.035058685
net:0.033232827
racquet:0.3284668
rally:0.057590816
referee:0.062207524
saina:0.19359083
serve:-0.035832938
service:0.014828824
short:0.006809121
shot:0.019569213
shuttlecock:0.35618067
singles:0.17055725
smash:0.03794982
spin:0.006523178
string:0.07123998
stroke:0.043440055
thomas:-0.0057460233
tumbling:0.17293344
uber:-0.011344597
yonex:0.3765524