shot:0.017015332
grip:0.050119575
baseline:-0.005404973
singles:0.18846296
baddy:0.05293086
tumbling:0.109838985
spin:0.03593841
service:0.043030385
rally:0.12971093
referee:0.10462666
court:0.1343173
drop:-0.061603803
lets:-0.062578134
yonex:0.44102558
flick:0.018271595
fault:-0.065183505
short:0.033377267
serve:-0.07457104
deception:-0.077160716
dribble:0.07528321
uber:0.114601836
string:0.10478505
feathers:0.006023499
stroke:0.09474564
thomas:-0.011178303
let:-0.057108123
smash:0.05052093
alley:0.030958194
drive:-0.09530192
doubles:0.34680972
shuttlecock:0.3115321
carry:-0.078003846
net:-0.004120419
ace:0.022018904
racquet:0.30105746
saina:0.28166455
feather:-0.0012824973
backcourt:-0.011852445
hidayat:0.24498597
