shot:0.023170946
grip:0.061071746
baseline:0.035537805
singles:0.18521607
baddy:-0.12234912
tumbling:0.17593949
spin:0.0075435503
service:0.033568967
rally:0.07000399
referee:0.06833936
court:0.119714156
drop:0.00718855
lets:-0.033114057
yonex:0.37344468
flick:0.023715781
fault:-0.07556755
short:0.021911211
serve:-0.036860906
deception:-0.092771575
dribble:0.11655526
uber:-0.011009018
string:0.07669681
feathers:0.042873237
stroke:0.052740853
thomas:-0.017731735
let:0.0050722808
smash:0.045526806
alley:0.08815074
drive:-0.03854661
doubles:0.26199847
shuttlecock:0.36200574
carry:-0.029347228
net:0.03348605
ace:0.035413098
racquet:0.33352327
saina:0.20070839
feather:0.010480003
backcourt:-0.040580634
hidayat:0.15581955
