
ace:0.035413098
alley:0.08815074
backcourt:-0.040580634
baddy:-0.12234912
baseline:0.035537805
carry:-0.029347228
court:0.119714156
deception:-0.092771575
doubles:0.26199847
dribble:0.11655526
drive:-0.03854661
drop:0.00718855
fault:-0.07556755
feather:0.010480003
feathers:0.042873237
flick:0.023715781
grip:0.061071746
hidayat:0.15581955
let:0.0050722808
lets:-0.033114057
net:0.03348605
racquet:0.33352327
rally:0.07000399
referee:0.06833936
saina:0.20070839
serve:-0.036860906
service:0.033568967
short:0.021911211
shot:0.023170946
shuttlecock:0.36200574
singles:0.18521607
smash:0.045526806
spin:0.0075435503
string:0.07669681
stroke:0.052740853
thomas:-0.017731735
tumbling:0.17593949
uber:-0.011009018
yonex:0.37344468