weapons:0.14975747
fighting:0.1929133
mode:0.24469966
display:0.029971965
halo:0.24266195
gameplay:0.3770217
power:0.015445377
rifle:0.34265548
military:0.03702504
movement:0.08640147
chief:-0.032407403
precise:0.03345824
puzzle:0.33637923
frag:0.21517722
playstation:0.26456216
xbox:0.2476051
map:0.10195033
respawn:0.23200405
looking:0.08858066
gib:0.018575259
tournament:0.12332551
fortnite:0.1904821
rpg:0.44545326
computer:0.13794339
doom:0.19339964
unreal:0.24221045
games:0.2881738
space:0.063257456
team:0.23218217
players:0.23216422
point:0.09304381
person:0.29728478
fps:0.29610628
gun:0.28518152
bots:0.17289822
mission:0.04097411
features:0.035112776
multiplayer:0.351163
twitch:0.24271461
strike:0.15324312
quake:0.19382162
engine:0.22479895
terrorist:0.08368136
bomb:0.12320075
first:0.014822981
third:0.114658475
levels:0.047058955
player:0.3827584
enemies:0.13455786
deathmatch:0.28890854
reaction:0.119384326
