weapons:0.11874762
fighting:0.19699553
mode:0.2254173
display:0.02043165
halo:0.1830181
gameplay:0.33544192
power:-0.0065801474
rifle:0.33506978
military:0.02742347
movement:0.09140946
chief:-0.027100638
precise:0.0412767
puzzle:0.30925602
frag:0.18170205
playstation:0.21784066
xbox:0.20624775
map:0.076481596
respawn:0.22429605
looking:0.07944957
gib:0.097600855
tournament:0.11365349
fortnite:0.1663558
rpg:0.4015446
computer:0.1209906
doom:0.15580909
unreal:0.18136351
games:0.2632383
space:0.08781492
team:0.23423733
players:0.2336916
point:0.10703299
person:0.29058266
fps:0.2388308
gun:0.32193896
bots:0.15719096
mission:0.025362024
features:0.010909353
multiplayer:0.29264987
twitch:0.20990135
strike:0.1160859
quake:0.11709424
engine:0.21419185
terrorist:0.108846545
bomb:0.14045297
first:0.044518292
third:0.10794655
levels:0.029074622
player:0.40346146
enemies:0.12593558
deathmatch:0.24854329
reaction:0.08328711
