drive:-0.015573904
drop:-0.0016465253
fault:-0.03293999
stroke:0.043804638
thomas:-0.020516403
baseline:0.0379633
doubles:0.21108113
carry:-0.012046866
shot:0.016349139
lets:-0.02344864
spin:0.047339864
alley:0.08964649
grip:0.061693426
serve:-0.0065712403
short:-0.024844589
uber:-0.014515388
let:0.014118765
hidayat:0.16335498
tumbling:0.16036782
flick:0.037464906
singles:0.19362739
ace:0.07252751
string:0.06309188
yonex:0.38219374
service:0.004349957
court:0.11560987
referee:0.064258136
baddy:-0.12639736
feathers:0.04098758
shuttlecock:0.32710978
feather:-0.013489441
rally:0.04240005
saina:0.15692179
smash:0.026326366
deception:-0.05435148
net:0.0034905856
backcourt:-0.018672705
racquet:0.34175065
dribble:0.118692994
