drive:-0.075002395
drop:-0.020730138
fault:-0.082589835
stroke:0.077081025
thomas:0.012380476
baseline:-0.0034123757
doubles:0.3353347
carry:-0.041576497
shot:0.01205542
lets:-0.02332402
spin:0.021163544
alley:0.019897144
grip:0.05484456
serve:-0.044208024
short:-0.0030893697
uber:0.12998804
let:-0.06509737
hidayat:0.26963717
tumbling:0.14171039
flick:0.015379351
singles:0.17919187
ace:0.017359348
string:0.0823116
yonex:0.45930675
service:-0.005149724
court:0.09980143
referee:0.09392072
baddy:0.09004351
feathers:-0.0034237073
shuttlecock:0.2768288
feather:0.0009495055
rally:0.10030553
saina:0.2798062
smash:0.040192645
deception:-0.05426766
net:-0.03721873
backcourt:0.007470398
racquet:0.2716234
dribble:0.088929236
