
ace:0.07252751
alley:0.08964649
backcourt:-0.018672705
baddy:-0.12639736
baseline:0.0379633
carry:-0.012046866
court:0.11560987
deception:-0.05435148
doubles:0.21108113
dribble:0.118692994
drive:-0.015573904
drop:-0.0016465253
fault:-0.03293999
feather:-0.013489441
feathers:0.04098758
flick:0.037464906
grip:0.061693426
hidayat:0.16335498
let:0.014118765
lets:-0.02344864
net:0.0034905856
racquet:0.34175065
rally:0.04240005
referee:0.064258136
saina:0.15692179
serve:-0.0065712403
service:0.004349957
short:-0.024844589
shot:0.016349139
shuttlecock:0.32710978
singles:0.19362739
smash:0.026326366
spin:0.047339864
string:0.06309188
stroke:0.043804638
thomas:-0.020516403
tumbling:0.16036782
uber:-0.014515388
yonex:0.38219374