strike:0.06691161
twitch:0.17664264
mode:0.18976398
respawn:0.21511036
xbox:0.1890705
weapons:0.12660596
power:-0.063232124
player:0.28665012
rpg:0.36813557
military:0.01590994
computer:0.07846683
unreal:0.18712029
fortnite:0.16180068
bomb:0.116631605
looking:0.07816484
bots:0.1266162
map:0.073027566
team:0.17645614
features:0.00011077872
fps:0.21428438
engine:0.15411878
person:0.24809843
playstation:0.18096218
deathmatch:0.2460137
point:0.052644785
terrorist:0.09186927
games:0.24316092
gameplay:0.30144164
multiplayer:0.28410995
space:0.08011688
movement:0.09092163
levels:-0.010784888
first:0.026594685
players:0.17690375
frag:0.17790772
third:0.027334562
display:-0.0142818345
chief:-0.010555649
mission:0.0213992
gib:0.081710435
doom:0.11587996
puzzle:0.29029623
tournament:0.06797908
enemies:0.121672325
gun:0.26400477
fighting:0.18091086
precise:0.015645491
reaction:0.09561207
halo:0.13846277
quake:0.10421165
rifle:0.2942406
