strike:0.09536318
twitch:0.20313105
mode:0.21643902
respawn:0.20282859
xbox:0.21033
weapons:0.15480937
power:-0.02766623
player:0.27754822
rpg:0.43578714
military:0.039069388
computer:0.09372652
unreal:0.2128125
fortnite:0.18813309
bomb:0.079481505
looking:0.07783905
bots:0.1723017
map:0.09090363
team:0.19288342
features:0.01787014
fps:0.2869115
engine:0.16428825
person:0.2949091
playstation:0.20431073
deathmatch:0.26331353
point:0.021866707
terrorist:0.06645564
games:0.23482984
gameplay:0.3468953
multiplayer:0.33963394
space:0.008136322
movement:0.07685611
levels:0.011533666
first:0.0015791233
players:0.20390674
frag:0.19790237
third:0.08276417
display:-0.031436067
chief:0.005503984
mission:0.01447955
gib:0.020178888
doom:0.14960083
puzzle:0.31294098
tournament:0.054141536
enemies:0.114780016
gun:0.2566436
fighting:0.17841186
precise:0.03228068
reaction:0.1367995
halo:0.19025062
quake:0.16939852
rifle:0.31638613
