rpg:0.36482397
map:0.057118855
quake:0.11455358
players:0.22380911
bots:0.12077681
deathmatch:0.28245375
doom:0.08946289
computer:0.08432136
mode:0.19948563
chief:0.038873184
rifle:0.31787342
multiplayer:0.2926972
movement:0.09203172
fighting:0.22929887
unreal:0.17138268
precise:0.035235863
person:0.2713272
fortnite:0.14956237
engine:0.16174285
third:0.047765486
features:0.022742825
respawn:0.19794095
gameplay:0.31777418
playstation:0.17244919
power:-0.026527295
team:0.17847297
gib:0.08807275
military:0.033248723
space:0.060920782
fps:0.19473428
mission:0.009303921
halo:0.11848475
tournament:0.08508482
bomb:0.08310433
first:0.037034035
enemies:0.09669465
looking:0.06487994
levels:0.040319726
terrorist:0.08330261
point:0.034784045
gun:0.24084243
player:0.32385522
xbox:0.15673104
weapons:0.1280812
games:0.23964043
twitch:0.18148069
frag:0.20024253
reaction:0.113375634
strike:0.074829035
puzzle:0.27775472
display:-0.015590033
