
ace:0.0656056
alley:0.11809157
backcourt:-0.019157078
baddy:-0.06645575
baseline:0.034566145
carry:-0.03642689
court:0.1391102
deception:-0.05257982
doubles:0.22020319
dribble:0.14538595
drive:-0.052857
drop:0.0124694
fault:-0.05836866
feather:-0.028116515
feathers:0.010191688
flick:0.0072143194
grip:0.07001677
hidayat:0.16427405
let:-0.018325845
lets:0.0003018704
net:0.011195864
racquet:0.36876684
rally:0.040059045
referee:0.09125023
saina:0.09993642
serve:-0.011320673
service:-0.035528585
short:-0.02787664
shot:0.013840658
shuttlecock:0.21338615
singles:0.1801429
smash:0.030466907
spin:-0.0033011711
string:0.05525384
stroke:0.035891503
thomas:-0.052831482
tumbling:0.17973293
uber:0.010946795
yonex:0.35505348