rpg:0.3857378
map:0.1148681
quake:0.16866282
players:0.2022076
bots:0.19282274
deathmatch:0.2944653
doom:0.15031844
computer:0.117369704
mode:0.19075362
chief:0.030348152
rifle:0.32973763
multiplayer:0.34043694
movement:0.04846143
fighting:0.18518214
unreal:0.20537385
precise:0.05137061
person:0.2509454
fortnite:0.19618128
engine:0.16761898
third:0.09114508
features:-6.7850764e-05
respawn:0.24498865
gameplay:0.3562185
playstation:0.19992766
power:-0.04400933
team:0.19343324
gib:0.024593279
military:0.054245476
space:0.04855134
fps:0.27437162
mission:-0.034928583
halo:0.20632336
tournament:0.08677532
bomb:0.07226088
first:0.016360266
enemies:0.122143015
looking:0.07699267
levels:0.0038799501
terrorist:0.031332284
point:0.054357618
gun:0.23227915
player:0.31646645
xbox:0.22930999
weapons:0.14551574
games:0.23491703
twitch:0.21893188
frag:0.20169574
reaction:0.11343244
strike:0.09274898
puzzle:0.3596644
display:0.024590772
