baddy:-0.06645575
backcourt:-0.019157078
smash:0.030466907
baseline:0.034566145
grip:0.07001677
short:-0.02787664
carry:-0.03642689
net:0.011195864
feathers:0.010191688
racquet:0.36876684
court:0.1391102
fault:-0.05836866
doubles:0.22020319
rally:0.040059045
yonex:0.35505348
lets:0.0003018704
drop:0.0124694
flick:0.0072143194
stroke:0.035891503
service:-0.035528585
thomas:-0.052831482
feather:-0.028116515
spin:-0.0033011711
tumbling:0.17973293
string:0.05525384
referee:0.09125023
drive:-0.052857
serve:-0.011320673
alley:0.11809157
let:-0.018325845
singles:0.1801429
deception:-0.05257982
uber:0.010946795
ace:0.0656056
shuttlecock:0.21338615
saina:0.09993642
dribble:0.14538595
hidayat:0.16427405
shot:0.013840658
