baddy:0.088970855
backcourt:0.013779352
smash:0.08790813
baseline:-0.0075496538
grip:0.078406096
short:-0.014641322
carry:-0.047383435
net:0.0052956245
feathers:-0.020810159
racquet:0.3043743
court:0.106266506
fault:-0.078079924
doubles:0.35988712
rally:0.07874746
yonex:0.46054006
lets:-0.011563578
drop:-0.04431345
flick:0.014548104
stroke:0.12245817
service:0.003616127
thomas:-0.01519014
feather:-0.03742283
spin:0.05102541
tumbling:0.1324315
string:0.08462581
referee:0.10023228
drive:-0.027967675
serve:-0.07515175
alley:0.021387763
let:-0.006482457
singles:0.20032404
deception:-0.025299905
uber:0.10825173
ace:0.08563574
shuttlecock:0.26374865
saina:0.3101399
dribble:0.115803
hidayat:0.2914059
shot:0.042562377
