shuttlecock:0.32721773
drive:-0.0427612
net:0.04142905
stroke:0.06574366
feather:0.0086433245
carry:-0.02246231
singles:0.18633404
lets:-0.030615302
spin:0.052597795
referee:0.06656843
shot:0.016738228
deception:-0.07884406
backcourt:-0.01758966
court:0.12793818
racquet:0.3282814
short:0.0113214785
smash:0.043660335
uber:0.003438905
grip:0.065687485
fault:-0.05545528
drop:0.024334798
service:0.028733084
dribble:0.116901375
serve:-0.03769353
ace:0.022945765
hidayat:0.12496709
string:0.09079744
saina:0.19368348
tumbling:0.15700318
feathers:0.05491983
thomas:-0.017265705
yonex:0.3889447
baseline:0.034775916
baddy:-0.03785103
doubles:0.24547957
let:0.011905388
alley:0.07431356
flick:0.013560631
rally:0.07686764
