levels:0.026449403
strike:0.13037531
enemies:0.13436025
precise:0.035537623
chief:-0.006321366
map:0.08952832
space:0.07118409
bots:0.16114436
unreal:0.16225156
games:0.27122325
computer:0.101849325
engine:0.21023932
team:0.23019435
person:0.28707957
features:0.001508104
doom:0.14724141
looking:0.09114054
halo:0.17222339
weapons:0.12691338
mode:0.21120904
xbox:0.2076254
quake:0.114826
display:0.00070628664
gun:0.33243695
multiplayer:0.2943413
reaction:0.11521736
movement:0.09429109
bomb:0.14333564
tournament:0.11815658
first:0.042295445
gameplay:0.31470847
rifle:0.3476443
players:0.23107271
power:-0.0017885013
terrorist:0.10123381
playstation:0.23044826
fps:0.24494895
twitch:0.20907536
point:0.104395084
player:0.39830667
deathmatch:0.25858018
mission:0.03271955
military:0.033304844
