gun:0.3141854
doom:0.19887288
multiplayer:0.36468568
precise:0.0077733486
bots:0.182521
weapons:0.13784727
military:0.042976774
first:0.031851083
computer:0.13305348
playstation:0.24536984
twitch:0.23692189
deathmatch:0.3055165
team:0.23039909
halo:0.24006292
looking:0.09380064
mission:0.05746508
unreal:0.23229086
player:0.39675447
terrorist:0.10585833
display:0.038757898
power:-0.013585577
tournament:0.12163405
levels:0.038824216
rifle:0.33572698
xbox:0.23547801
fps:0.30282125
mode:0.25274485
gameplay:0.3758209
point:0.09492951
features:0.03644698
games:0.28482118
map:0.085389785
quake:0.17501083
engine:0.23131543
bomb:0.14303148
movement:0.079385035
space:0.06814248
players:0.24065967
person:0.29474765
reaction:0.11547019
strike:0.118468344
chief:-0.03552119
enemies:0.136958
